1 1 1 10 200 1 512 30
1 1 1 20 200 1 512 30
1 1 1 30 200 1 512 30
1 1 1 10 200 2 100 30
1 1 1 20 200 2 100 30
1 1 1 30 200 2 100 30
1 1 1 10 200 3 100 30
1 1 1 20 200 3 100 30
1 1 1 30 200 3 100 30
1 1 1 10 200 4 30 30
1 1 1 20 200 4 30 30
1 1 1 30 200 4 30 30
1 1 1 10 200 5 500 30
1 1 1 20 200 5 500 30
1 1 1 30 200 5 500 30
1 1 1 10 200 6 30 30
1 1 1 20 200 6 30 30
1 1 1 30 200 6 30 30
1 1 1 10 200 7 30 30
1 1 1 20 200 7 30 30
1 1 1 30 200 7 30 30
1 1 1 10 200 8 32 30
1 1 1 20 200 8 32 30
1 1 1 30 200 8 32 30
1 1 1 10 200 9 32 30
1 1 1 20 200 9 32 30
1 1 1 30 200 9 32 30
1 1 1 10 200 10 500 30
1 1 1 20 200 10 500 30
1 1 1 30 200 10 500 30
1 1 2 10 200 1 512 30
1 1 2 20 200 1 512 30
1 1 2 30 200 1 512 30
1 1 2 10 200 2 100 30
1 1 2 20 200 2 100 30
1 1 2 30 200 2 100 30
1 1 2 10 200 3 100 30
1 1 2 20 200 3 100 30
1 1 2 30 200 3 100 30
1 1 2 10 200 4 30 30
1 1 2 20 200 4 30 30
1 1 2 30 200 4 30 30
1 1 2 10 200 5 500 30
1 1 2 20 200 5 500 30
1 1 2 30 200 5 500 30
1 1 2 10 200 6 30 30
1 1 2 20 200 6 30 30
1 1 2 30 200 6 30 30
1 1 2 10 200 7 30 30
1 1 2 20 200 7 30 30
1 1 2 30 200 7 30 30
1 1 2 10 200 8 32 30
1 1 2 20 200 8 32 30
1 1 2 30 200 8 32 30
1 1 2 10 200 9 32 30
1 1 2 20 200 9 32 30
1 1 2 30 200 9 32 30
1 1 2 10 200 10 500 30
1 1 2 20 200 10 500 30
1 1 2 30 200 10 500 30
1 2 1 10 200 1 512 30
1 2 1 20 200 1 512 30
1 2 1 30 200 1 512 30
1 2 1 10 200 2 100 30
1 2 1 20 200 2 100 30
1 2 1 30 200 2 100 30
1 2 1 10 200 3 100 30
1 2 1 20 200 3 100 30
1 2 1 30 200 3 100 30
1 2 1 10 200 4 30 30
1 2 1 20 200 4 30 30
1 2 1 30 200 4 30 30
1 2 1 10 200 5 500 30
1 2 1 20 200 5 500 30
1 2 1 30 200 5 500 30
1 2 1 10 200 6 30 30
1 2 1 20 200 6 30 30
1 2 1 30 200 6 30 30
1 2 1 10 200 7 30 30
1 2 1 20 200 7 30 30
1 2 1 30 200 7 30 30
1 2 1 10 200 8 32 30
1 2 1 20 200 8 32 30
1 2 1 30 200 8 32 30
1 2 1 10 200 9 32 30
1 2 1 20 200 9 32 30
1 2 1 30 200 9 32 30
1 2 1 10 200 10 500 30
1 2 1 20 200 10 500 30
1 2 1 30 200 10 500 30
1 2 2 10 200 1 512 30
1 2 2 20 200 1 512 30
1 2 2 30 200 1 512 30
1 2 2 10 200 2 100 30
1 2 2 20 200 2 100 30
1 2 2 30 200 2 100 30
1 2 2 10 200 3 100 30
1 2 2 20 200 3 100 30
1 2 2 30 200 3 100 30
1 2 2 10 200 4 30 30
1 2 2 20 200 4 30 30
1 2 2 30 200 4 30 30
1 2 2 10 200 5 500 30
1 2 2 20 200 5 500 30
1 2 2 30 200 5 500 30
1 2 2 10 200 6 30 30
1 2 2 20 200 6 30 30
1 2 2 30 200 6 30 30
1 2 2 10 200 7 30 30
1 2 2 20 200 7 30 30
1 2 2 30 200 7 30 30
1 2 2 10 200 8 32 30
1 2 2 20 200 8 32 30
1 2 2 30 200 8 32 30
1 2 2 10 200 9 32 30
1 2 2 20 200 9 32 30
1 2 2 30 200 9 32 30
1 2 2 10 200 10 500 30
1 2 2 20 200 10 500 30
1 2 2 30 200 10 500 30
1 3 1 10 200 1 512 30
1 3 1 20 200 1 512 30
1 3 1 30 200 1 512 30
1 3 1 10 200 2 100 30
1 3 1 20 200 2 100 30
1 3 1 30 200 2 100 30
1 3 1 10 200 3 100 30
1 3 1 20 200 3 100 30
1 3 1 30 200 3 100 30
1 3 1 10 200 4 30 30
1 3 1 20 200 4 30 30
1 3 1 30 200 4 30 30
1 3 1 10 200 5 500 30
1 3 1 20 200 5 500 30
1 3 1 30 200 5 500 30
1 3 1 10 200 6 30 30
1 3 1 20 200 6 30 30
1 3 1 30 200 6 30 30
1 3 1 10 200 7 30 30
1 3 1 20 200 7 30 30
1 3 1 30 200 7 30 30
1 3 1 10 200 8 32 30
1 3 1 20 200 8 32 30
1 3 1 30 200 8 32 30
1 3 1 10 200 9 32 30
1 3 1 20 200 9 32 30
1 3 1 30 200 9 32 30
1 3 1 10 200 10 500 30
1 3 1 20 200 10 500 30
1 3 1 30 200 10 500 30
1 3 2 10 200 1 512 30
1 3 2 20 200 1 512 30
1 3 2 30 200 1 512 30
1 3 2 10 200 2 100 30
1 3 2 20 200 2 100 30
1 3 2 30 200 2 100 30
1 3 2 10 200 3 100 30
1 3 2 20 200 3 100 30
1 3 2 30 200 3 100 30
1 3 2 10 200 4 30 30
1 3 2 20 200 4 30 30
1 3 2 30 200 4 30 30
1 3 2 10 200 5 500 30
1 3 2 20 200 5 500 30
1 3 2 30 200 5 500 30
1 3 2 10 200 6 30 30
1 3 2 20 200 6 30 30
1 3 2 30 200 6 30 30
1 3 2 10 200 7 30 30
1 3 2 20 200 7 30 30
1 3 2 30 200 7 30 30
1 3 2 10 200 8 32 30
1 3 2 20 200 8 32 30
1 3 2 30 200 8 32 30
1 3 2 10 200 9 32 30
1 3 2 20 200 9 32 30
1 3 2 30 200 9 32 30
1 3 2 10 200 10 500 30
1 3 2 20 200 10 500 30
1 3 2 30 200 10 500 30
1 4 1 10 200 1 512 30
1 4 1 20 200 1 512 30
1 4 1 30 200 1 512 30
1 4 1 10 200 2 100 30
1 4 1 20 200 2 100 30
1 4 1 30 200 2 100 30
1 4 1 10 200 3 100 30
1 4 1 20 200 3 100 30
1 4 1 30 200 3 100 30
1 4 1 10 200 4 30 30
1 4 1 20 200 4 30 30
1 4 1 30 200 4 30 30
1 4 1 10 200 5 500 30
1 4 1 20 200 5 500 30
1 4 1 30 200 5 500 30
1 4 1 10 200 6 30 30
1 4 1 20 200 6 30 30
1 4 1 30 200 6 30 30
1 4 1 10 200 7 30 30
1 4 1 20 200 7 30 30
1 4 1 30 200 7 30 30
1 4 1 10 200 8 32 30
1 4 1 20 200 8 32 30
1 4 1 30 200 8 32 30
1 4 1 10 200 9 32 30
1 4 1 20 200 9 32 30
1 4 1 30 200 9 32 30
1 4 1 10 200 10 500 30
1 4 1 20 200 10 500 30
1 4 1 30 200 10 500 30
1 4 2 10 200 1 512 30
1 4 2 20 200 1 512 30
1 4 2 30 200 1 512 30
1 4 2 10 200 2 100 30
1 4 2 20 200 2 100 30
1 4 2 30 200 2 100 30
1 4 2 10 200 3 100 30
1 4 2 20 200 3 100 30
1 4 2 30 200 3 100 30
1 4 2 10 200 4 30 30
1 4 2 20 200 4 30 30
1 4 2 30 200 4 30 30
1 4 2 10 200 5 500 30
1 4 2 20 200 5 500 30
1 4 2 30 200 5 500 30
1 4 2 10 200 6 30 30
1 4 2 20 200 6 30 30
1 4 2 30 200 6 30 30
1 4 2 10 200 7 30 30
1 4 2 20 200 7 30 30
1 4 2 30 200 7 30 30
1 4 2 10 200 8 32 30
1 4 2 20 200 8 32 30
1 4 2 30 200 8 32 30
1 4 2 10 200 9 32 30
1 4 2 20 200 9 32 30
1 4 2 30 200 9 32 30
1 4 2 10 200 10 500 30
1 4 2 20 200 10 500 30
1 4 2 30 200 10 500 30
1 5 1 10 200 1 512 30
1 5 1 20 200 1 512 30
1 5 1 30 200 1 512 30
1 5 1 10 200 2 100 30
1 5 1 20 200 2 100 30
1 5 1 30 200 2 100 30
1 5 1 10 200 3 100 30
1 5 1 20 200 3 100 30
1 5 1 30 200 3 100 30
1 5 1 10 200 4 30 30
1 5 1 20 200 4 30 30
1 5 1 30 200 4 30 30
1 5 1 10 200 5 500 30
1 5 1 20 200 5 500 30
1 5 1 30 200 5 500 30
1 5 1 10 200 6 30 30
1 5 1 20 200 6 30 30
1 5 1 30 200 6 30 30
1 5 1 10 200 7 30 30
1 5 1 20 200 7 30 30
1 5 1 30 200 7 30 30
1 5 1 10 200 8 32 30
1 5 1 20 200 8 32 30
1 5 1 30 200 8 32 30
1 5 1 10 200 9 32 30
1 5 1 20 200 9 32 30
1 5 1 30 200 9 32 30
1 5 1 10 200 10 500 30
1 5 1 20 200 10 500 30
1 5 1 30 200 10 500 30
1 5 2 10 200 1 512 30
1 5 2 20 200 1 512 30
1 5 2 30 200 1 512 30
1 5 2 10 200 2 100 30
1 5 2 20 200 2 100 30
1 5 2 30 200 2 100 30
1 5 2 10 200 3 100 30
1 5 2 20 200 3 100 30
1 5 2 30 200 3 100 30
1 5 2 10 200 4 30 30
1 5 2 20 200 4 30 30
1 5 2 30 200 4 30 30
1 5 2 10 200 5 500 30
1 5 2 20 200 5 500 30
1 5 2 30 200 5 500 30
1 5 2 10 200 6 30 30
1 5 2 20 200 6 30 30
1 5 2 30 200 6 30 30
1 5 2 10 200 7 30 30
1 5 2 20 200 7 30 30
1 5 2 30 200 7 30 30
1 5 2 10 200 8 32 30
1 5 2 20 200 8 32 30
1 5 2 30 200 8 32 30
1 5 2 10 200 9 32 30
1 5 2 20 200 9 32 30
1 5 2 30 200 9 32 30
1 5 2 10 200 10 500 30
1 5 2 20 200 10 500 30
1 5 2 30 200 10 500 30
2 0 0 10 200 1 512 30
2 0 0 20 200 1 512 30
2 0 0 30 200 1 512 30
2 0 0 10 200 2 100 30
2 0 0 20 200 2 100 30
2 0 0 30 200 2 100 30
2 0 0 10 200 3 100 30
2 0 0 20 200 3 100 30
2 0 0 30 200 3 100 30
2 0 0 10 200 4 30 30
2 0 0 20 200 4 30 30
2 0 0 30 200 4 30 30
2 0 0 10 200 5 500 30
2 0 0 20 200 5 500 30
2 0 0 30 200 5 500 30
2 0 0 10 200 6 30 30
2 0 0 20 200 6 30 30
2 0 0 30 200 6 30 30
2 0 0 10 200 7 30 30
2 0 0 20 200 7 30 30
2 0 0 30 200 7 30 30
2 0 0 10 200 8 32 30
2 0 0 20 200 8 32 30
2 0 0 30 200 8 32 30
2 0 0 10 200 9 32 30
2 0 0 20 200 9 32 30
2 0 0 30 200 9 32 30
2 0 0 10 200 10 500 30
2 0 0 20 200 10 500 30
2 0 0 30 200 10 500 30
3 0 0 10 200 1 512 30
3 0 0 20 200 1 512 30
3 0 0 30 200 1 512 30
3 0 0 10 200 2 100 30
3 0 0 20 200 2 100 30
3 0 0 30 200 2 100 30
3 0 0 10 200 3 100 30
3 0 0 20 200 3 100 30
3 0 0 30 200 3 100 30
3 0 0 10 200 4 30 30
3 0 0 20 200 4 30 30
3 0 0 30 200 4 30 30
3 0 0 10 200 5 500 30
3 0 0 20 200 5 500 30
3 0 0 30 200 5 500 30
3 0 0 10 200 6 30 30
3 0 0 20 200 6 30 30
3 0 0 30 200 6 30 30
3 0 0 10 200 7 30 30
3 0 0 20 200 7 30 30
3 0 0 30 200 7 30 30
3 0 0 10 200 8 32 30
3 0 0 20 200 8 32 30
3 0 0 30 200 8 32 30
3 0 0 10 200 9 32 30
3 0 0 20 200 9 32 30
3 0 0 30 200 9 32 30
3 0 0 10 200 10 500 30
3 0 0 20 200 10 500 30
3 0 0 30 200 10 500 30
4 0 0 10 200 1 512 30
4 0 0 20 200 1 512 30
4 0 0 30 200 1 512 30
4 0 0 10 200 2 100 30
4 0 0 20 200 2 100 30
4 0 0 30 200 2 100 30
4 0 0 10 200 3 100 30
4 0 0 20 200 3 100 30
4 0 0 30 200 3 100 30
4 0 0 10 200 4 30 30
4 0 0 20 200 4 30 30
4 0 0 30 200 4 30 30
4 0 0 10 200 5 500 30
4 0 0 20 200 5 500 30
4 0 0 30 200 5 500 30
4 0 0 10 200 6 30 30
4 0 0 20 200 6 30 30
4 0 0 30 200 6 30 30
4 0 0 10 200 7 30 30
4 0 0 20 200 7 30 30
4 0 0 30 200 7 30 30
4 0 0 10 200 8 32 30
4 0 0 20 200 8 32 30
4 0 0 30 200 8 32 30
4 0 0 10 200 9 32 30
4 0 0 20 200 9 32 30
4 0 0 30 200 9 32 30
4 0 0 10 200 10 500 30
4 0 0 20 200 10 500 30
4 0 0 30 200 10 500 30